Bin Edges (MeV)	Neutron Count
0.0	0.01871871
0.00235477	0.03824577
0.00735322	0.03793141
0.01235167	0.03795255
0.01735012	0.03761177
0.02234858	0.03715477
0.02734703	0.03684834
0.03234548	0.05027428
0.03734393	0.0602493
0.04234238	0.05993591
0.04734083	0.05898268
0.05233929	0.05753325
0.05733774	0.05841249
0.06233619	0.05774218
0.06733464	0.06514012
0.07233309	0.06966534
0.07733154	0.06832789
0.08233	0.0678767
0.08732845	0.06894559
0.0923269	0.06622772
0.09732535	0.06554557
0.1023238	0.07234224
0.10732225	0.07247602
0.1123207	0.07032133
0.11731916	0.07124137
0.12231761	0.0704994
0.12731606	0.07005422
0.13231451	0.06870086
0.13731296	0.0714932
0.14231141	0.07283729
0.14730987	0.0701978
0.15230832	0.07087653
0.15730677	0.07114048
0.16230522	0.07136672
0.16730367	0.06933539
0.17230212	0.07107799
0.17730058	0.06983497
0.18229903	0.0712774
0.18729748	0.06863848
0.19229593	0.06988815
0.19729438	0.07029362
0.20229283	0.06955019
0.20729129	0.07297005
0.21228974	0.07143697
0.21728819	0.07170668
0.22228664	0.07025168
0.22728509	0.06995358
0.23228354	0.06905929
0.237282	0.07098084
0.24228045	0.0737589
0.2472789	0.07225949
0.25227735	0.07238065
0.2572758	0.07311521
0.26227425	0.07158551
0.26727271	0.07037386
0.27227116	0.07043953
0.27726961	0.07249023
0.28226806	0.07321906
0.28726651	0.07194562
0.29226496	0.07332318
0.29726342	0.07211381
0.30226187	0.07047194
0.30726032	0.07026223
0.31225877	0.07222096
0.31725722	0.0725482
0.32225567	0.07029104
0.32725412	0.07140703
0.33225258	0.07066024
0.33725103	0.06920021
0.34224948	0.07088358
0.34724793	0.07313482
0.35224638	0.07026952
0.35724483	0.06838262
0.36224329	0.06916883
0.36724174	0.06883688
0.37224019	0.06985895
0.37723864	0.06910572
0.38223709	0.0709092
0.38723554	0.06826381
0.392234	0.06961368
0.39723245	0.0672129
0.4022309	0.06695923
0.40722935	0.06722196
0.4122278	0.06749298
0.41722625	0.06840049
0.42222471	0.06684572
0.42722316	0.0670705
0.43222161	0.06655537
0.43722006	0.06484138
0.44221851	0.06427005
0.44721696	0.06647782
0.45221542	0.06649081
0.45721387	0.06558354
0.46221232	0.063132
0.46721077	0.06333469
0.47220922	0.06406822
0.47720767	0.0630898
0.48220613	0.06384358
0.48720458	0.06432934
0.49220303	0.06287204
0.49720148	0.06161302
0.50219993	0.06309014
0.50719838	0.06154362
0.51219684	0.06095546
0.51719529	0.06271265
0.52219374	0.06228624
0.52719219	0.0615248
0.53219064	0.06217456
0.53718909	0.06082427
0.54218754	0.06024557
0.547186	0.06064366
0.55218445	0.06010134
0.5571829	0.0605473
0.56218135	0.05944795
0.5671798	0.05740482
0.57217825	0.05806858
0.57717671	0.05658549
0.58217516	0.0590018
0.58717361	0.05743625
0.59217206	0.05664337
0.59717051	0.05762655
0.60216896	0.05666452
0.60716742	0.05483561
0.61216587	0.05534305
0.61716432	0.05556033
0.62216277	0.05402304
0.62716122	0.05555026
0.63215967	0.05639992
0.63715813	0.05390473
0.64215658	0.05310885
0.64715503	0.05413059
0.65215348	0.05341692
0.65715193	0.05275373
0.66215038	0.05248067
0.66714884	0.05230592
0.67214729	0.05234961
0.67714574	0.05016519
0.68214419	0.04884362
0.68714264	0.05114862
0.69214109	0.04940941
0.69713955	0.04980805
0.702138	0.04961981
0.70713645	0.0481249
0.7121349	0.04884467
0.71713335	0.0469622
0.7221318	0.04824976
0.72713026	0.04764258
0.73212871	0.04730627
0.73712716	0.04709328
0.74212561	0.04513153
0.74712406	0.04597228
0.75212251	0.04559114
0.75712096	0.04652977
0.76211942	0.04652246
0.76711787	0.04492449
0.77211632	0.04513982
0.77711477	0.04400651
0.78211322	0.04286186
0.78711167	0.0444485
0.79211013	0.04315036
0.79710858	0.0428567
0.80210703	0.04320001
0.80710548	0.04236462
0.81210393	0.04181532
0.81710238	0.04130035
0.82210084	0.04024267
0.82709929	0.04148411
0.83209774	0.04035293
0.83709619	0.04045681
0.84209464	0.04061841
0.84709309	0.04020288
0.85209155	0.03895628
0.85709	0.03906367
0.86208845	0.03811335
0.8670869	0.03806683
0.87208535	0.0382064
0.8770838	0.03813662
0.88208226	0.03656649
0.88708071	0.03758998
0.89207916	0.03639867
0.89707761	0.03670555
0.90207606	0.03571035
0.90707451	0.03448098
0.91207297	0.03527714
0.91707142	0.03336869
0.92206987	0.0349376
0.92706832	0.03361605
0.93206677	0.03368059
0.93706522	0.03316243
0.94206368	0.03356283
0.94706213	0.03237341
0.95206058	0.0316786
0.95705903	0.03158439
0.96205748	0.0321521
0.96705593	0.03186116
0.97205439	0.03061843
0.97705284	0.0323109
0.98205129	0.03057109
0.98704974	0.02976627
0.99204819	0.03054742
0.99704664	0.02911267
1.00204509	0.02995296
1.00704355	0.02862172
1.012042	0.029323
1.01704045	0.0282057
1.0220389	0.02742122
1.02703735	0.02729047
1.0320358	0.02802001
1.03703426	0.0275795
1.04203271	0.02831909
1.04703116	0.02660133
1.05202961	0.02601682
1.05702806	0.02506251
1.06202651	0.02590946
1.06702497	0.0264183
1.07202342	0.0257952
1.07702187	0.02543627
1.08202032	0.02437144
1.08701877	0.02423983
1.09201722	0.02441929
1.09701568	0.0245868
1.10201413	0.02405653
1.10701258	0.02341069
1.11201103	0.02314684
1.11700948	0.02169566
1.12200793	0.02156374
1.12700639	0.02253519
1.13200484	0.02135087
1.13700329	0.02176028
1.14200174	0.02069089
1.14700019	0.02001801
1.15199864	0.02051065
1.1569971	0.02035445
1.16199555	0.01992189
1.166994	0.0190738
1.17199245	0.01889028
1.1769909	0.01820446
1.18198935	0.01923921
1.18698781	0.0190106
1.19198626	0.01886622
1.19698471	0.01766302
1.20198316	0.01757127
1.20698161	0.01758251
1.21198006	0.01679973
1.21697851	0.01660704
1.22197697	0.01654683
1.22697542	0.01581222
1.23197387	0.01633006
1.23697232	0.01639318
1.24197077	0.01601236
1.24696922	0.01589188
1.25196768	0.0149521
1.25696613	0.0156991
1.26196458	0.01381955
1.26696303	0.0142051
1.27196148	0.01489242
1.27695993	0.01374825
1.28195839	0.01363981
1.28695684	0.01277226
1.29195529	0.01330243
1.29695374	0.01276021
1.30195219	0.01237463
1.30695064	0.01199885
1.3119491	0.01202164
1.31694755	0.0108532
1.321946	0.01234687
1.32694445	0.01128685
1.3319429	0.01107002
1.33694135	0.01123866
1.34193981	0.00958373
1.34693826	0.01091836
1.35193671	0.01029239
1.35693516	0.00995533
1.36193361	0.00965439
1.36693206	0.01024424
1.37193052	0.00930529
1.37692897	0.00936982
1.38192742	0.00888719
1.38692587	0.00816564
1.39192432	0.00794917
1.39692277	0.00827387
1.40192123	0.00852642
1.40691968	0.00790107
1.41191813	0.00797563
1.41691658	0.00778265
1.42191503	0.00664168
1.42691348	0.00695394
1.43191193	0.00667771
1.43691039	0.00698997
1.44190884	0.00662899
1.44690729	0.00652315
1.45190574	0.00610346
1.45690419	0.0060555
1.46190264	0.00552789
1.4669011	0.00519214
1.47189955	0.00562382
1.476898	0.00509469
1.48189645	0.00467978
1.4868949	0.0047875
1.49189335	0.00420103
1.49689181	0.0047875
1.50189026	0.00467978
1.50688871	0.00405741
1.51188716	0.00381606
1.51688561	0.0038458
1.52188406	0.00343972
1.52688252	0.00306947
1.53188097	0.0031053
1.53687942	0.00267534
1.54187787	0.00291421
1.54687632	0.00282783
1.55187477	0.00244266
1.55687323	0.00168008
1.56187168	0.00201371
1.56687013	0.00187072
1.57186858	0.00175157
1.57686703	0.00196605
1.58186548	0.001345
1.58686394	0.00125978
1.59186239	0.00110528
1.59686084	0.00076062
1.60185929	0.00091513
1.60685774	0.00073686
1.61185619	0.0007012
1.61685465	0.00070007
1.6218531	0.0010785
1.62685155	0.00010666
