Bin Edges (MeV)	Photon Count
1.1e-07	35139.0
0.01099871	34852.0
0.02199731	34807.0
0.0329959	34887.0
0.0439945	34800.0
0.0549931	34968.0
0.06599169	35858.0
0.07699029	39597.0
0.08798889	47670.0
0.09898748	61860.0
0.10998608	80212.0
0.12098468	97799.0
0.13198328	113380.0
0.14298187	124674.0
0.15398047	134551.0
0.16497907	142846.0
0.17597766	150167.0
0.18697626	156764.0
0.19797486	161921.0
0.20897345	166172.0
0.21997205	171068.0
0.23097065	174420.0
0.24196925	178669.0
0.25296784	182766.0
0.26396644	187104.0
0.27496504	188372.0
0.28596363	188789.0
0.29696223	188914.0
0.30796083	188625.0
0.31895942	187726.0
0.32995802	186854.0
0.34095662	183342.0
0.35195521	183221.0
0.36295381	179451.0
0.37395241	178905.0
0.38495101	175006.0
0.3959496	172048.0
0.4069482	169791.0
0.4179468	167003.0
0.42894539	163345.0
0.43994399	160684.0
0.45094259	156407.0
0.46194118	152798.0
0.47293978	149862.0
0.48393838	146799.0
0.49493698	143831.0
0.50593557	143159.0
0.51693417	138267.0
0.52793277	133812.0
0.53893136	131678.0
0.54992996	128534.0
0.56092856	125929.0
0.57192715	123759.0
0.58292575	120578.0
0.59392435	118295.0
0.60492295	115453.0
0.61592154	113058.0
0.62692014	110217.0
0.63791874	108623.0
0.64891733	106941.0
0.65991593	103887.0
0.67091453	102226.0
0.68191312	101345.0
0.69291172	98733.0
0.70391032	96848.0
0.71490891	94483.0
0.72590751	93048.0
0.73690611	91140.0
0.74790471	88976.0
0.7589033	88747.0
0.7699019	85977.0
0.7809005	84550.0
0.79189909	83072.0
0.80289769	81498.0
0.81389629	80065.0
0.82489488	78178.0
0.83589348	77369.0
0.84689208	76078.0
0.85789068	74001.0
0.86888927	73110.0
0.87988787	72104.0
0.89088647	70754.0
0.90188506	69564.0
0.91288366	68003.0
0.92388226	67413.0
0.93488085	66467.0
0.94587945	65646.0
0.95687805	64472.0
0.96787665	63372.0
0.97887524	61917.0
0.98987384	60989.0
1.00087244	60575.0
1.01187103	59482.0
1.02286963	58747.0
1.03386823	57659.0
1.04486682	57573.0
1.05586542	55713.0
1.06686402	55446.0
1.07786261	54582.0
1.08886121	53986.0
1.09985981	53017.0
1.11085841	52024.0
1.121857	51282.0
1.1328556	50826.0
1.1438542	50193.0
1.15485279	49367.0
1.16585139	48521.0
1.17684999	47574.0
1.18784858	47181.0
1.19884718	46649.0
1.20984578	45664.0
1.22084438	45292.0
1.23184297	45109.0
1.24284157	43999.0
1.25384017	43660.0
1.26483876	42919.0
1.27583736	42247.0
1.28683596	41693.0
1.29783455	41206.0
1.30883315	40964.0
1.31983175	40155.0
1.33083035	39476.0
1.34182894	39313.0
1.35282754	38673.0
1.36382614	37590.0
1.37482473	37335.0
1.38582333	37094.0
1.39682193	37074.0
1.40782052	36252.0
1.41881912	35697.0
1.42981772	35017.0
1.44081631	34804.0
1.45181491	34835.0
1.46281351	34075.0
1.47381211	33683.0
1.4848107	33469.0
1.4958093	33329.0
1.5068079	32848.0
1.51780649	32124.0
1.52880509	32118.0
1.53980369	30930.0
1.55080228	30626.0
1.56180088	30652.0
1.57279948	30327.0
1.58379808	29900.0
1.59479667	29861.0
1.60579527	29384.0
1.61679387	28492.0
1.62779246	28756.0
1.63879106	27977.0
1.64978966	28156.0
1.66078825	27501.0
1.67178685	27201.0
1.68278545	26914.0
1.69378405	26816.0
1.70478264	26485.0
1.71578124	26038.0
1.72677984	25769.0
1.73777843	25331.0
1.74877703	25018.0
1.75977563	24580.0
1.77077422	24575.0
1.78177282	24352.0
1.79277142	24397.0
1.80377001	23988.0
1.81476861	23623.0
1.82576721	23295.0
1.83676581	22938.0
1.8477644	22681.0
1.858763	22691.0
1.8697616	22141.0
1.88076019	22023.0
1.89175879	21847.0
1.90275739	21813.0
1.91375598	21707.0
1.92475458	20981.0
1.93575318	21001.0
1.94675178	21094.0
1.95775037	20658.0
1.96874897	20370.0
1.97974757	20152.0
1.99074616	19657.0
2.00174476	19815.0
2.01274336	19428.0
2.02374195	19558.0
2.03474055	19218.0
2.04573915	19054.0
2.05673775	18538.0
2.06773634	18610.0
2.07873494	18288.0
2.08973354	18122.0
2.10073213	18192.0
2.11173073	17848.0
2.12272933	17586.0
2.13372792	17508.0
2.14472652	17298.0
2.15572512	17205.0
2.16672371	16813.0
2.17772231	16784.0
2.18872091	16723.0
2.19971951	16461.0
2.2107181	16256.0
2.2217167	16179.0
2.2327153	15950.0
2.24371389	15686.0
2.25471249	15927.0
2.26571109	15610.0
2.27670968	15358.0
2.28770828	15153.0
2.29870688	15219.0
2.30970548	15165.0
2.32070407	14740.0
2.33170267	14705.0
2.34270127	14505.0
2.35369986	14381.0
2.36469846	14242.0
2.37569706	14123.0
2.38669565	13942.0
2.39769425	14053.0
2.40869285	13589.0
2.41969145	13342.0
2.43069004	13778.0
2.44168864	13232.0
2.45268724	13124.0
2.46368583	13193.0
2.47468443	13009.0
2.48568303	12853.0
2.49668162	12577.0
2.50768022	12675.0
2.51867882	12290.0
2.52967741	12460.0
2.54067601	12398.0
2.55167461	12443.0
2.56267321	12039.0
2.5736718	11633.0
2.5846704	11725.0
2.595669	11500.0
2.60666759	11536.0
2.61766619	11611.0
2.62866479	11404.0
2.63966338	11249.0
2.65066198	11208.0
2.66166058	10839.0
2.67265918	11042.0
2.68365777	10718.0
2.69465637	10840.0
2.70565497	10684.0
2.71665356	10538.0
2.72765216	10572.0
2.73865076	10583.0
2.74964935	10332.0
2.76064795	10212.0
2.77164655	10040.0
2.78264515	9876.0
2.79364374	10016.0
2.80464234	9996.0
2.81564094	9997.0
2.82663953	9703.0
2.83763813	9488.0
2.84863673	9426.0
2.85963532	9564.0
2.87063392	9171.0
2.88163252	9429.0
2.89263112	9141.0
2.90362971	9093.0
2.91462831	9191.0
2.92562691	8964.0
2.9366255	8698.0
2.9476241	8668.0
2.9586227	8663.0
2.96962129	8774.0
2.98061989	8507.0
2.99161849	8539.0
3.00261708	8221.0
3.01361568	8372.0
3.02461428	8123.0
3.03561288	8215.0
3.04661147	7871.0
3.05761007	8123.0
3.06860867	7857.0
3.07960726	7887.0
3.09060586	7814.0
3.10160446	7563.0
3.11260305	7525.0
3.12360165	7731.0
3.13460025	7339.0
3.14559885	7272.0
3.15659744	7292.0
3.16759604	7218.0
3.17859464	7192.0
3.18959323	7070.0
3.20059183	7128.0
3.21159043	6918.0
3.22258902	6979.0
3.23358762	6839.0
3.24458622	6897.0
3.25558482	6758.0
3.26658341	6729.0
3.27758201	6677.0
3.28858061	6723.0
3.2995792	6586.0
3.3105778	6559.0
3.3215764	6481.0
3.33257499	6370.0
3.34357359	6382.0
3.35457219	6161.0
3.36557078	6185.0
3.37656938	6009.0
3.38756798	6180.0
3.39856658	5968.0
3.40956517	5964.0
3.42056377	5935.0
3.43156237	5822.0
3.44256096	5727.0
3.45355956	5762.0
3.46455816	5570.0
3.47555675	5646.0
3.48655535	5734.0
3.49755395	5571.0
3.50855255	5448.0
3.51955114	5449.0
3.53054974	5469.0
3.54154834	5282.0
3.55254693	5387.0
3.56354553	5189.0
3.57454413	5202.0
3.58554272	4908.0
3.59654132	5104.0
3.60753992	4910.0
3.61853852	4969.0
3.62953711	4908.0
3.64053571	4763.0
3.65153431	4870.0
3.6625329	4680.0
3.6735315	4694.0
3.6845301	4627.0
3.69552869	4653.0
3.70652729	4419.0
3.71752589	4547.0
3.72852448	4471.0
3.73952308	4479.0
3.75052168	4496.0
3.76152028	4450.0
3.77251887	4250.0
3.78351747	4278.0
3.79451607	4204.0
3.80551466	4197.0
3.81651326	4109.0
3.82751186	4187.0
3.83851045	4049.0
3.84950905	3987.0
3.86050765	3957.0
3.87150625	3927.0
3.88250484	3922.0
3.89350344	3888.0
3.90450204	3826.0
3.91550063	3843.0
3.92649923	3672.0
3.93749783	3767.0
3.94849642	3566.0
3.95949502	3621.0
3.97049362	3587.0
3.98149222	3563.0
3.99249081	3484.0
4.00348941	3529.0
4.01448801	3426.0
4.0254866	3410.0
4.0364852	3274.0
4.0474838	3284.0
4.05848239	3160.0
4.06948099	3237.0
4.08047959	3182.0
4.09147818	3051.0
4.10247678	3185.0
4.11347538	3052.0
4.12447398	3002.0
4.13547257	2928.0
4.14647117	3023.0
4.15746977	2956.0
4.16846836	2849.0
4.17946696	2979.0
4.19046556	2878.0
4.20146415	2748.0
4.21246275	2806.0
4.22346135	2706.0
4.23445995	2674.0
4.24545854	2719.0
4.25645714	2671.0
4.26745574	2519.0
4.27845433	2537.0
4.28945293	2567.0
4.30045153	2602.0
4.31145012	2506.0
4.32244872	2413.0
4.33344732	2418.0
4.34444592	2368.0
4.35544451	2349.0
4.36644311	2396.0
4.37744171	2349.0
4.3884403	2263.0
4.3994389	2196.0
4.4104375	2248.0
4.42143609	2271.0
4.43243469	2185.0
4.44343329	2127.0
4.45443188	2047.0
4.46543048	2001.0
4.47642908	2023.0
4.48742768	1977.0
4.49842627	1982.0
4.50942487	1896.0
4.52042347	1871.0
4.53142206	1869.0
4.54242066	1812.0
4.55341926	1776.0
4.56441785	1740.0
4.57541645	1671.0
4.58641505	1762.0
4.59741365	1743.0
4.60841224	1725.0
4.61941084	1593.0
4.63040944	1628.0
4.64140803	1578.0
4.65240663	1524.0
4.66340523	1497.0
4.67440382	1493.0
4.68540242	1472.0
4.69640102	1492.0
4.70739962	1445.0
4.71839821	1465.0
4.72939681	1367.0
4.74039541	1352.0
4.751394	1313.0
4.7623926	1308.0
4.7733912	1280.0
4.78438979	1285.0
4.79538839	1168.0
4.80638699	1185.0
4.81738558	1208.0
4.82838418	1125.0
4.83938278	1094.0
4.85038138	1068.0
4.86137997	1027.0
4.87237857	1124.0
4.88337717	976.0
4.89437576	1035.0
4.90537436	945.0
4.91637296	962.0
4.92737155	946.0
4.93837015	919.0
4.94936875	871.0
4.96036735	925.0
4.97136594	875.0
4.98236454	828.0
4.99336314	776.0
5.00436173	708.0
5.01536033	765.0
5.02635893	775.0
5.03735752	726.0
5.04835612	728.0
5.05935472	705.0
5.07035332	606.0
5.08135191	619.0
5.09235051	648.0
5.10334911	625.0
5.1143477	573.0
5.1253463	568.0
5.1363449	554.0
5.14734349	528.0
5.15834209	480.0
5.16934069	515.0
5.18033928	449.0
5.19133788	450.0
5.20233648	412.0
5.21333508	411.0
5.22433367	418.0
5.23533227	406.0
5.24633087	353.0
5.25732946	351.0
5.26832806	312.0
5.27932666	286.0
5.29032525	268.0
5.30132385	255.0
5.31232245	259.0
5.32332105	244.0
5.33431964	189.0
5.34531824	186.0
5.35631684	169.0
5.36731543	161.0
5.37831403	176.0
5.38931263	127.0
5.40031122	109.0
5.41130982	98.0
5.42230842	66.0
5.43330702	82.0
5.44430561	67.0
5.45530421	64.0
5.46630281	86.0
5.4773014	23.0
